2098041696143487131
2097649039730671985
2097355515797868683
2097490957323407776
2096418127345340881
2096055738074648843
2095693355959419333
2095316618738061665
2098170322184753206
2098125059688689772
2098004297359200587
2097822967694516675
2097754727266107862
2097679225717248240
2097637558750515662
2097445428090265873
2097392204998132196
2097340951018566043
2097279471204049399
2097082957131342060
2097029964730151041
2096993087071441260
2096917012219892098
2096735623591665998
2096667395330871599
2096592033183826187
2096554467273388059
2096373247436591328
